0 83
0 245
0 83
0 787
0 45
0 525
0 81
0 47
0 25
0 349
0 173
0 829
0 47
0 25
0 121
0 89
0 25
0 99
0 81
0 181
0 47
0 407
0 249
0 129
0 103
0 65
0 121
0 181
0 253
0 63
0 85
0 119
0 53
0 77
0 85
0 25
0 237
0 45
0 59
0 105
0 215
0 83
0 25
0 755
0 121
0 893
0 101
0 81
0 267
0 47
0 99
0 161
0 145
0 47
0 47
0 93
0 45
0 63
0 61
0 189
0 223
0 67
0 273
0 239
0 141
0 45
0 25
0 73
0 47
0 797
0 25
0 153
0 439
0 363
0 353
0 117
0 407
0 155
0 379
0 115
0 25
0 45
0 103
0 25
0 81
0 25
0 101
0 169
0 347
0 45
0 65
0 207
0 263
0 65
0 175
0 25
0 147
0 57
0 97
0 323
0 43
0 167
0 67
0 181
0 103
0 75
0 339
0 75
0 43
0 39
0 47
0 215
0 25
0 25
0 103
0 45
0 61
0 229
0 85
0 155
0 739
0 107
0 151
0 307
0 123
0 81
0 25
0 309
0 43
0 65
0 535
0 47
0 95
0 63
0 81
0 93
0 151
0 25
0 25
0 185
0 163
0 41
0 57
0 67
0 25
0 323
0 197
0 25
0 243
0 47
0 317
0 103
0 581
0 169
0 25
0 25
0 43
0 25
0 133
0 59
0 81
0 183
0 65
0 147
0 63
0 63
0 43
0 73
0 63
0 25
0 47
0 177
0 335
0 25
0 93
0 175
0 555
0 85
0 69
0 103
0 141
0 285
0 25
0 63
0 61
0 161
0 63
0 101
0 25
0 25
0 265
0 323
0 157
0 25
0 25
0 75
0 25
0 157
0 47
0 35
0 421
0 117
0 137
0 25
0 101
0 101
0 121
0 25
0 149
0 81
0 253
0 81
0 139
0 113
0 25
0 273
0 87
0 815
0 85
0 43
0 113
0 25
0 25
0 293
0 25
0 25
0 25
0 25
0 117
0 113
0 199
0 25
0 187
0 271
0 45
0 25
0 77
0 309
0 67
0 277
0 255
0 219
0 25
0 67
0 25
0 437
0 297
0 263
0 99
0 87
0 627
0 157
0 251
0 117
0 45
0 55
0 271
0 101
0 57
0 83
0 143
0 375
0 25
0 271
0 175
0 219
0 75
0 139
0 25
0 103
0 119
0 475
0 25
0 259
0 85
0 171
0 111
0 47
0 77
0 115
0 67
0 59
0 115
0 281
0 41
0 111
0 223
0 211
0 47
0 165
0 153
0 25
0 157
0 133
0 43
0 273
0 25
0 25
0 261
0 25
0 369
0 47
0 191
0 85
0 93
0 67
0 127
0 25
0 25
0 89
0 407
0 25
0 25
0 77
0 79
0 85
0 85
0 131
0 213
0 25
0 77
0 25
0 113
0 33
0 221
0 143
0 25
0 707
0 47
0 43
0 327
0 25
0 217
0 47
0 193
0 25
0 101
0 25
0 67
0 801
0 47
0 41
0 139
0 111
0 347
0 47
0 659
0 297
0 67
0 25
0 45
0 25
0 211
0 25
0 99
0 713
0 41
0 81
0 103
0 25
0 223
0 25
0 103
0 25
0 85
0 103
0 25
0 821
0 335
0 65
0 63
0 255
0 213
0 451
0 25
0 83
0 67
0 25
0 309
0 341
0 25
0 177
0 103
0 59
0 113
0 25
0 139
0 129
0 105
0 25
0 67
0 47
0 149
0 25
0 281
0 85
0 45
0 131
0 25
0 47
0 25
0 45
0 675
0 131
0 371
0 37
0 167
0 25
0 199
0 169
0 25
0 63
0 131
0 293
0 45
0 127
0 25
0 35
0 251
0 65
0 101
0 25
0 421
0 113
0 65
0 25
0 83
0 185
0 25
0 701
0 67
0 25
0 369
0 67
0 153
0 97
0 25
0 507
0 25
0 45
0 43
0 61
0 97
0 67
0 99
0 63
0 47
0 25
0 57
0 63
0 45
0 111
0 67
0 47
0 299
0 43
0 99
0 115
0 25
0 91
0 79
0 181
0 25
0 177
0 45
0 25
0 41
0 195
0 47
0 47
0 165
0 159
0 85
0 83
0 45
0 183
0 25
0 235
0 95
0 157
0 47
0 41
0 25
0 129
0 67
0 161
0 25
0 25
0 133
0 283
0 47
0 151
0 25
0 41
0 259
0 309
0 67
0 25
0 289
0 497
0 149
0 83
0 95
0 45
0 69
0 43
0 131
0 165
0 83
0 179
0 25
0 133
0 165
0 681
0 47
0 323
0 45
0 45
0 25
0 501
0 85
0 25
0 65
0 101
0 209
0 299
0 83
0 129
0 161
0 201
0 105
0 93
0 377
0 67
0 793
0 253
0 77
0 43
0 25
0 83
0 77
0 25
0 97
0 411
0 267
0 47
0 65
0 83
0 101
0 233
0 25
0 47
0 25
0 155
0 117
0 67
0 47
0 25
0 389
0 45
0 51
0 47
0 65
0 25
0 263
0 115
0 161
0 25
0 143
0 147
0 759
0 169
0 101
0 57
0 105
0 47
0 145
0 85
0 25
0 25
0 25
0 67
0 81
0 57
0 231
0 25
0 47
0 133
0 47
0 65
0 103
0 43
0 25
0 25
0 47
0 103
0 25
0 61
0 107
0 77
0 45
0 35
0 161
0 315
0 117
0 101
0 25
0 25
0 25
0 65
0 201
0 55
0 25
0 157
0 25
0 47
0 25
0 153
0 443
0 25
0 67
0 67
0 43
0 77
0 25
0 259
0 25
0 47
0 267
0 25
0 129
0 123
0 47
0 131
0 63
0 531
0 25
0 65
0 25
0 155
0 103
0 133
0 97
0 85
0 307
0 25
0 25
0 113
0 63
0 107
0 61
0 103
0 47
0 63
0 65
0 45
0 201
0 63
0 401
0 47
0 133
0 171
0 25
0 131
0 201
0 199
0 211
0 25
0 191
0 47
0 139
0 93
0 119
0 41
0 103
0 25
0 47
0 273
0 169
0 65
0 131
0 43
0 25
0 25
0 199
0 41
0 93
0 25
0 39
0 113
0 231
0 25
0 243
0 67
0 43
0 47
0 63
0 97
0 41
0 283
0 173
0 25
0 195
0 45
0 25
0 41
0 211
0 599
0 79
0 351
0 153
0 25
0 85
0 87
0 133
0 47
0 231
0 99
0 25
0 149
0 79
0 25
0 85
0 101
0 27
0 65
0 147
0 47
0 43
0 125
0 137
0 57
0 149
0 265
0 171
0 161
0 43
0 25
0 135
0 77
0 79
0 87
0 25
0 169
0 201
0 47
0 79
0 85
0 67
0 97
0 377
0 183
0 107
0 117
0 25
0 67
0 179
0 47
0 25
0 281
0 39
0 131
0 97
0 25
0 195
0 25
0 85
0 139
0 47
0 59
0 25
0 477
0 103
0 67
0 25
0 79
0 153
0 85
0 113
0 83
0 47
0 25
0 25
0 83
0 83
0 139
0 97
0 47
0 25
0 175
0 25
0 285
0 79
0 63
0 25
0 25
0 79
0 185
0 101
0 67
0 25
0 81
0 201
0 153
0 79
0 43
0 169
0 173
0 159
0 25
0 279
0 99
0 25
0 43
0 199
0 63
0 79
0 25
0 103
0 85
0 435
0 215
0 89
0 47
0 81
0 25
0 25
0 25
0 149
0 25
0 25
0 25
0 25
0 47
0 153
0 185
0 39
0 155
0 25
0 71
0 67
0 63
0 85
0 67
0 47
0 79
0 277
0 119
0 75
0 277
0 145
0 25
0 179
0 151
0 339
0 55
0 25
0 25
0 253
0 63
0 107
0 65
0 65
0 47
0 65
0 53
0 105
0 25
0 105
0 115
0 103
0 307
0 45
0 271
0 67
0 63
0 303
0 45
0 57
0 177
0 25
0 205
0 121
0 105
0 245
0 61
0 71
0 181
0 179
0 75
0 165
0 145
0 47
0 165
0 101
0 129
0 25
0 87
0 167
0 37
0 543
0 39
0 85
0 63
0 65
0 111
0 25
0 45
0 25
0 169
0 125
0 47
0 25
0 99
0 65
0 25
0 339
0 137
0 213
0 197
0 97
0 161
0 87
0 139
0 209
0 67
0 25
0 149
0 83
0 81
0 85
0 129
0 25
0 201
0 25
0 91
0 135
0 139
0 157
0 25
0 25
0 91
0 65
0 79
0 185
0 25
0 67
0 85
0 187
0 47
0 25
0 25
0 115
0 65
0 25
0 271
0 25
0 273
0 25
0 65
0 25
0 133
0 99
0 61
0 99
0 45
0 63
0 45
0 63
0 25
0 133
0 25
0 575
0 101
0 193
0 391
0 229
0 153
0 261
0 163
0 41
0 25
0 607
0 25
0 25
0 43
0 161
0 61
0 25
0 117
0 47
0 83
0 265
0 89
0 55
0 671
0 79
0 241
0 135
0 25
0 65
0 81
0 99
0 47
0 85
0 67
0 157
0 121
0 25
0 25
0 67
0 47
0 25
0 213
0 45
0 43
0 25
0 47
0 81
0 557
0 163
0 47
0 45
0 67
0 25
0 25
0 63
0 47
0 47
0 41
0 77
0 551
0 25
0 25
0 135
0 85
0 307
0 107
0 83
0 385
0 277
0 25
0 219
0 121
0 37
0 25
0 117
0 167
0 205
0 169
0 59
0 85
0 269
0 45
0 353
0 61
0 49
0 337
0 65
0 25
0 67
0 47
0 25
0 289
0 25
0 43
0 85
0 161
0 133
0 169
0 341
0 57
0 25
0 189
0 75
0 25
0 231
0 271
0 25
0 181
0 25
0 215
0 63
0 201
0 77
0 215
0 25
0 707
0 25
0 47
0 93
0 25
0 117
0 139
0 605
0 145
0 63
0 93
0 215
0 169
0 103
0 261
0 47
0 47
0 25
0 185
0 47
0 83
0 137
0 171
0 35
0 381
0 207
0 85
0 25
0 305
0 115
0 25
0 97
0 25
0 321
0 47
0 43
0 25
0 67
0 157
0 65
0 187
0 61
0 93
0 43
0 47
0 113
0 129
0 59
0 83
0 45
0 41
0 25
0 63
0 25
0 45
0 103
0 83
0 25
0 85
0 97
0 135
0 81
0 25
0 25
0 25
0 25
0 119
0 119
0 63
0 109
0 207
0 77
0 203
0 25
0 25
0 45
0 25
0 47
0 81
0 25
0 47
0 47
0 145
0 43
0 137
0 111
0 63
0 47
0 43
0 257
0 119
0 47
0 235
0 107
0 151
0 87
0 67
0 25
0 145
0 259
0 85
0 47
0 25
0 25
0 79
0 25
0 85
0 25
0 45
0 95
0 123
0 199
0 25
0 81
0 103
0 25
0 43
0 47
0 117
0 25
0 43
0 25
0 99
0 33
0 47
0 25
0 103
0 25
0 43
0 71
0 25
0 45
0 25
0 177
0 45
0 101
0 43
0 47
0 39
0 25
0 145
0 25
0 133
0 25
0 215
0 25
0 101
0 63
0 85
0 63
0 245
0 47
0 185
0 159
0 47
0 47
0 67
0 185
0 25
0 95
0 85
0 65
0 67
0 45
0 57
0 25
0 67
0 165
0 47
0 85
0 25
0 45
0 63
0 25
0 313
0 67
0 59
0 125
0 25
0 45
0 25
0 261
0 59
0 59
0 115
0 63
0 25
0 41
0 25
0 25
0 247
0 47
0 87
0 115
0 25
0 25
0 111
0 101
0 519
0 137
0 75
0 77
0 47
0 71
0 41
0 25
0 83
0 47
0 85
0 25
0 239
0 25
0 125
0 25
0 199
0 97
0 145
0 417
0 73
0 25
0 39
0 141
0 25
0 181
0 79
0 25
0 263
0 39
0 47
0 47
0 67
0 25
0 25
0 127
0 47
0 63
0 53
0 59
0 139
0 115
0 25
0 25
0 53
0 135
0 63
0 53
0 225
0 43
0 81
0 117
0 429
0 25
0 25
0 25
0 87
0 81
0 147
0 109
0 25
0 25
0 57
0 139
0 43
0 25
0 83
0 63
0 25
0 25
0 361
0 45
0 25
0 45
0 159
0 47
0 83
0 97
0 65
0 63
0 221
0 25
0 59
0 47
0 83
0 103
0 47
0 73
0 281
0 475
0 147
0 59
0 25
0 25
0 103
0 45
0 47
0 501
0 25
0 41
0 67
0 41
0 25
0 45
0 99
0 47
0 61
0 81
0 83
0 85
0 157
0 177
0 25
0 25
0 25
0 91
0 217
0 53
0 25
0 45
0 47
0 43
0 83
0 95
0 67
0 47
0 25
0 47
0 131
0 25
0 83
0 147
0 267
0 25
0 113
0 447
0 45
0 43
0 45
0 283
0 45
0 245
0 105
0 91
0 63
0 25
0 25
0 63
0 25
0 95
0 165
0 25
0 55
0 95
0 81
0 101
0 45
0 63
0 25
0 159
0 67
0 175
0 117
0 57
0 83
0 43
0 63
0 25
0 25
0 37
0 69
0 135
0 599
0 431
0 243
0 47
0 157
0 25
0 63
0 105
0 47
0 25
0 69
0 239
0 25
0 25
0 25
0 67
0 25
0 227
0 153
0 215
0 25
0 175
0 131
0 47
0 81
0 79
0 47
0 45
0 217
0 25
0 47
0 31
0 171
0 47
0 413
0 137
0 25
0 95
0 95
0 115
0 25
0 43
0 83
0 111
0 131
0 143
0 43
0 25
0 45
0 67
0 105
0 159
0 67
0 25
0 45
0 111
0 57
0 47
0 163
0 25
0 45
0 47
0 145
0 25
0 87
0 43
0 151
0 95
0 25
0 575
0 25
0 143
0 63
0 45
0 201
0 25
0 207
0 117
0 25
0 63
0 101
0 63
0 135
0 91
0 31
0 209
0 155
0 47
0 45
0 25
0 321
0 111
0 51
0 45
0 293
0 25
0 63
0 123
0 399
0 25
0 131
0 43
0 25
0 67
0 47
0 67
0 191
0 81
0 25
0 47
0 39
0 25
0 43
0 131
0 43
0 25
0 63
0 101
0 271
0 43
0 209
0 25
0 209
0 113
0 65
0 25
0 73
0 63
0 25
0 67
0 193
0 43
0 93
0 25
0 25
0 25
0 81
0 119
0 59
0 91
0 25
0 99
0 113
0 143
0 63
0 241
0 47
0 61
0 85
0 81
0 153
0 45
0 67
0 25
0 25
0 117
0 477
0 25
0 43
0 25
0 25
0 47
0 101
0 53
0 149
0 25
0 65
0 187
0 349
0 25
0 25
0 63
0 313
0 25
0 85
0 63
0 25
0 47
0 81
0 89
0 25
0 47
0 63
0 67
0 25
0 25
0 43
0 63
0 25
0 25
0 25
0 59
0 67
0 67
0 61
0 25
0 81
0 25
0 199
0 25
0 25
0 25
0 25
0 175
0 45
0 25
0 143
0 63
0 191
0 47
0 77
0 79
0 47
0 45
0 491
0 67
0 63
0 101
0 75
0 97
0 207
0 29
0 25
0 211
0 163
0 47
0 123
0 41
0 33
0 47
0 175
0 125
0 81
0 607
0 43
0 25
0 25
0 25
0 105
0 25
0 25
0 95
0 59
0 55
0 47
0 47
0 107
0 25
0 83
0 25
0 257
0 25
0 61
0 95
0 25
0 25
0 75
0 25
0 25
0 99
0 25
0 79
0 25
0 77
0 25
0 25
0 25
0 125
0 47
0 121
0 121
0 79
0 105
0 45
0 25
0 25
0 25
0 49
0 25
0 305
0 43
0 25
0 43
0 63
0 677
0 101
0 25
0 225
0 139
0 25
0 195
0 45
0 99
0 361
0 43
0 45
0 45
0 241
0 67
0 25
0 43
0 25
0 25
0 45
0 45
0 25
0 97
0 183
0 25
0 83
0 25
0 73
0 91
0 119
0 487
0 65
0 47
0 73
0 85
0 25
0 85
0 45
0 45
0 49
0 91
0 83
0 45
0 235
0 79
0 101
0 351
0 63
0 105
0 47
0 205
0 25
0 335
0 609
0 47
0 47
0 43
0 67
0 25
0 117
0 61
0 205
0 59
0 283
0 45
0 47
0 47
0 71
0 25
0 97
0 45
0 61
0 25
0 665
0 75
0 25
0 187
0 47
0 45
0 67
0 25
0 25
0 43
0 89
0 25
0 291
0 173
0 41
0 45
0 147
0 121
0 157
0 25
0 47
0 225
0 455
0 25
0 155
0 35
0 47
0 205
0 111
0 133
0 25
0 45
0 25
0 25
0 25
0 61
0 81
0 141
0 107
0 25
0 25
0 25
0 25
0 149
0 35
0 25
0 25
0 507
0 81
0 67
0 209
0 25
0 59
0 85
0 99
0 47
0 25
0 61
0 43
0 229
0 25
0 117
0 199
0 55
0 61
0 131
0 25
0 63
0 25
0 45
0 141
0 25
0 25
0 91
0 45
0 99
0 85
0 47
0 25
0 25
0 25
0 47
0 63
0 111
0 93
0 77
0 101
0 301
0 25
0 25
0 159
0 41
0 25
0 139
0 165
0 63
0 63
0 63
0 133
0 67
0 43
0 205
0 25
0 67
0 63
0 47
0 25
0 25
0 25
0 113
0 25
0 25
0 25
0 47
0 85
0 47
0 25
0 47
0 45
0 25
0 119
0 63
0 123
0 59
0 67
0 321
0 109
0 327
0 43
0 107
0 25
0 25
0 133
0 45
0 77
0 25
0 277
0 167
0 57
0 241
0 25
0 141
0 63
0 49
0 43
0 45
0 169
0 25
0 187
0 151
0 73
0 45
0 25
0 41
0 43
0 25
0 25
0 97
0 25
0 63
0 213
0 25
0 25
0 25
0 25
0 321
0 45
0 45
0 61
0 61
0 45
0 123
0 167
0 153
0 63
0 25
0 111
0 81
0 85
0 63
0 25
0 69
0 95
0 25
0 47
0 43
0 59
0 93
0 25
0 187
0 47
0 89
0 25
0 89
0 45
0 215
0 89
0 25
0 25
0 161
0 201
0 113
0 25
0 307
0 25
0 25
0 127
0 43
0 25
0 63
0 25
0 25
0 59
0 25
0 25
0 163
0 25
0 115
0 41
0 45
0 25
0 161
0 43
0 123
0 25
0 83
0 25
0 79
0 75
0 25
0 25
0 47
0 45
0 95
0 25
0 47
0 25
0 145
0 45
0 25
0 63
0 295
0 119
0 193
0 45
0 81
0 45
0 63
0 207
0 67
0 127
0 25
0 25
0 25
0 45
0 59
0 25
0 41
0 47
0 73
0 25
0 45
0 55
0 45
0 61
0 25
0 25
0 43
0 59
0 59
0 25
0 25
0 129
0 25
0 25
0 63
0 171
0 85
0 25
0 45
0 283
0 99
0 25
0 63
0 47
0 101
0 25
0 77
0 25
0 45
0 133
0 185
0 25
0 51
0 25
0 193
0 109
0 25
0 25
0 145
0 39
0 85
0 279
0 25
0 25
0 77
0 25
0 59
0 25
0 25
0 25
0 25
0 25
0 25
0 25
0 73
0 25
0 117
0 25
0 65
0 45
0 25
0 25
0 25
0 25
0 25
0 25
0 63
0 25
0 159
0 121
0 25
0 25
0 25
0 119
0 25
0 83
0 57
0 25
0 65
0 25
0 25
0 207
0 35
0 81
0 61
0 41
0 25
0 75
0 87
0 25
0 77
0 77
0 45
0 203
0 43
0 25
0 25
0 61
0 63
0 63
0 239
0 75
0 25
0 45
0 137
0 101
0 25
0 25
0 25
0 45
0 25
0 99
0 63
0 243
0 41
0 45
0 115
0 127
0 43
0 165
0 269
0 253
0 67
0 81
0 45
0 25
0 25
0 113
0 25
0 25
0 77
0 79
0 47
0 25
0 85
0 25
0 25
0 45
0 113
0 89
0 79
0 25
0 39
0 25
0 25
0 45
0 119
0 25
0 25
0 45
0 77
0 67
0 25
0 223
0 101
0 87
0 423
0 45
0 47
0 79
0 37
0 25
0 43
0 63
0 25
0 25
0 25
0 117
0 63
0 41
0 25
0 43
0 25
0 379
0 125
0 63
0 25
0 95
0 25
0 255
0 101
0 25
0 25
0 161
0 25
0 45
0 47
0 43
0 153
0 87
0 25
0 223
0 25
0 25
0 25
0 103
0 41
0 55
0 25
0 107
0 25
0 25
0 63
0 169
0 25
0 57
0 273
0 345
0 707
0 133
0 153
0 43
0 47
0 199
0 25
0 25
0 123
0 111
0 35
0 25
0 99
0 99
0 79
0 79
0 45
0 25
0 45
0 73
0 145
0 45
0 63
0 155
0 75
0 47
0 25
0 25
0 25
0 45
0 113
0 25
0 61
0 59
0 25
0 25
0 47
0 47
0 39
0 61
0 177
0 25
0 67
0 107
0 45
0 119
0 25
0 47
0 43
0 25
0 37
0 111
0 25
0 47
0 753
0 61
0 511
0 25
0 25
0 25
0 25
0 25
0 93
0 61
0 63
0 283
0 59
0 25
0 25
0 85
0 25
0 143
0 107
0 43
0 25
0 25
0 239
0 25
0 59
0 37
0 25
0 25
0 47
0 91
0 61
0 99
0 43
0 41
0 141
0 25
0 25
0 25
0 61
0 101
0 45
0 25
0 39
0 167
0 145
0 119
0 61
0 191
0 59
0 45
0 25
0 25
0 67
0 85
0 25
0 45
0 25
0 127
0 25
0 25
0 25
0 59
0 25
0 45
0 25
0 141
0 59
0 233
0 25
0 47
0 25
0 25
0 25
0 63
0 25
0 121
0 25
0 25
0 199
0 45
0 181
0 245
0 157
0 79
0 95
0 47
0 77
0 85
0 25
0 45
0 25
0 25
0 25
0 75
0 233
0 163
0 25
0 25
0 59
0 47
0 131
0 55
0 175
0 25
0 45
0 273
0 221
0 25
0 25
0 61
0 59
0 69
0 25
0 71
0 117
0 85
0 159
0 25
0 39
0 65
0 39
0 43
0 39
0 45
0 25
0 25
0 47
0 25
0 41
0 25
0 25
0 73
0 43
0 25
0 221
0 157
0 25
0 25
0 25
0 63
0 25
0 79
0 127
0 43
0 89
0 89
0 67
0 25
0 119
0 25
0 25
0 101
0 61
0 43
0 25
0 25
0 25
0 57
0 25
0 107
0 137
0 45
0 175
0 25
0 47
0 59
0 73
0 659
0 25
0 25
0 25
0 145
0 25
0 25
0 25
0 45
0 109
0 25
0 43
0 45
0 25
0 81
0 25
0 25
0 25
0 89
0 25
0 25
0 189
0 129
0 105
0 109
0 25
0 25
0 25
0 25
0 123
0 47
0 79
0 25
0 25
0 45
0 137
0 25
0 25
0 55
0 43
0 99
0 25
0 25
0 43
0 45
0 137
0 43
0 135
0 131
0 25
0 25
0 45
0 43
0 25
0 47
0 25
0 61
0 125
0 111
0 41
0 41
0 25
0 25
0 85
0 133
0 79
0 59
0 67
0 117
0 69
0 25
0 47
0 111
0 59
0 25
0 25
0 171
0 25
0 119
0 37
0 43
0 25
0 73
0 25
0 25
0 63
0 25
0 25
0 147
0 61
0 25
0 65
0 59
0 71
0 47
0 687
0 67
0 25
0 25
0 63
0 25
0 25
0 145
0 45
0 69
0 43
0 45
0 33
0 25
0 39
0 25
0 53
0 39
0 25
0 159
0 25
0 125
0 25
0 25
0 25
0 25
0 37
0 83
0 25
0 79
0 25
0 25
0 25
0 25
0 25
0 249
0 25
0 43
0 37
0 87
0 107
0 25
0 25
0 47
0 51
0 39
0 139
0 39
0 25
0 41
0 43
0 75
0 25
0 25
0 75
0 25
0 25
0 39
0 63
0 25
0 47
0 25
0 41
0 25
0 47
0 37
0 125
0 25
0 93
0 25
0 25
0 25
0 25
0 45
0 271
0 25
0 73
0 89
0 25
0 25
0 59
0 43
0 25
0 113
0 65
0 25
0 41
0 47
0 25
0 25
0 209
0 83
0 25
0 45
0 179
0 25
0 43
0 47
0 25
0 25
0 199
0 25
0 37
0 25
0 25
0 25
0 25
0 85
0 303
0 25
0 25
0 45
0 25
0 43
0 41
0 25
0 25
0 25
0 25
0 591
0 325
0 25
0 25
0 39
0 39
0 55
0 65
0 55
0 25
0 47
0 93
0 115
0 25
0 73
0 25
0 629
0 65
0 45
0 25
0 39
0 25
0 243
0 25
0 65
0 247
0 45
0 47
0 119
0 181
0 25
0 159
0 41
0 25
0 213
0 25
0 25
0 51
0 25
0 25
0 45
0 47
0 59
0 573
0 43
0 25
0 39
0 25
0 95
0 43
0 25
0 25
0 25
0 41
0 25
0 25
0 25
0 43
0 67
0 25
0 25
0 41
0 25
0 167
0 93
0 25
0 25
0 59
0 59
0 97
0 57
0 127
0 61
0 47
0 43
0 25
0 31
0 159
0 45
0 47
0 77
0 25
0 47
0 171
0 25
0 25
0 79
0 39
0 43
0 25
0 101
0 127
0 85
0 25
0 41
0 25
0 47
0 25
0 25
0 25
0 45
0 25
0 25
0 89
0 57
0 45
0 127
0 25
0 25
0 47
0 175
0 77
0 47
0 25
0 37
0 25
0 49
0 25
0 323
0 47
0 25
0 63
0 25
0 25
0 25
0 45
0 25
0 81
0 41
0 25
0 45
0 47
0 59
0 45
0 25
0 87
0 43
0 43
0 25
0 43
0 25
0 187
0 43
0 81
0 25
0 25
0 43
0 131
0 105
0 25
0 25
0 31
0 259
0 25
0 129
0 45
0 25
0 133
0 25
0 25
0 43
0 61
0 25
0 147
0 25
0 47
0 43
0 25
0 63
0 77
0 85
0 25
0 101
0 65
0 25
0 47
0 25
0 75
0 25
0 89
0 25
0 25
0 47
0 25
0 81
0 37
0 25
0 25
0 25
0 25
0 25
0 25
0 61
0 43
0 61
0 25
0 169
0 45
0 25
0 125
0 63
0 45
0 93
0 25
0 25
0 25
0 55
0 25
0 269
0 57
0 25
0 39
0 25
0 25
0 25
0 73
0 25
0 25
0 25
0 25
0 115
0 41
0 25
0 25
0 61
0 25
0 25
0 41
0 25
0 41
0 25
0 59
0 147
0 25
0 25
0 25
0 57
0 61
0 525
0 25
0 87
0 25
0 25
0 25
0 63
0 29
0 25
0 25
0 25
0 25
0 45
0 25
0 25
0 45
0 43
0 291
0 67
0 25
0 105
0 25
0 123
0 25
0 25
0 25
0 25
0 25
0 25
0 25
0 25
0 39
0 25
0 219
0 25
0 63
0 25
0 25
0 79
0 25
0 25
0 55
0 25
0 229
0 25
0 77
0 103
0 133
0 25
0 81
0 25
0 41
0 43
0 25
0 25
0 43
0 25
0 25
0 93
0 37
0 77
0 83
0 105
0 25
0 59
0 25
0 25
0 83
0 25
0 25
0 39
0 25
0 25
0 57
0 25
0 25
0 139
0 45
0 335
0 67
0 43
0 25
0 45
0 25
0 25
0 129
